fx: 640.4694213867188
fy: 638.9653930664062
cx: 650.2816162109375
cy: 360.88458251953125
