converged: true
initial_cost_per_obs: 2148.578882044857
final_cost_per_obs: 13.97615437527315
target_mount_to_target_pos:
  x: 0.4671807343365582
  y: 0.005828443338599703
  z: 0.005734651890196775
camera_mount_to_camera_pos:
  x: 0.07439265203425555
  y: 0.09519490101627541
  z: 0.03404433675861476
target_mount_to_target_rpy:
  x: -3.127023811750954
  y: -3.120872031463198
  z: 3.111492892177105
camera_mount_to_camera_rpy:
  x: -0.01477035360332627
  y: -0.00332568704181653
  z: 2.411870311479531