converged: true
initial_cost_per_obs: 255.2085547197272
final_cost_per_obs: 0.4828644887160265
target_mount_to_target_pos:
  x: 0.5972996444863343
  y: 0.09384235166946356
  z: 0.02495192479449366
camera_mount_to_camera_pos:
  x: 0.07070908210065628
  y: 0.09510962350066852
  z: 0.0304208864456519
target_mount_to_target_rpy:
  x: 3.135111807838606
  y: 3.139489571258484
  z: 1.545282731943181
camera_mount_to_camera_rpy:
  x: 0.002338284509077746
  y: -0.009534126464953795
  z: 2.365805049299259
